[gd_scene load_steps=11 format=3 uid="uid://bdqgovwo3i6x5"]

[ext_resource type="PackedScene" uid="uid://bjyqvtdh3ogd0" path="res://block.tscn" id="1_vmuba"]
[ext_resource type="Script" path="res://Control.gd" id="5_mpyao"]
[ext_resource type="PackedScene" uid="uid://dmr0fcamx7t56" path="res://addons/virtual_joystick/virtual_joystick_scene.tscn" id="6_afymp"]
[ext_resource type="PackedScene" uid="uid://ddc2l840bcyxm" path="res://boni.tscn" id="6_b4mny"]
[ext_resource type="Script" path="res://boni.gd" id="7_jstva"]
[ext_resource type="PackedScene" uid="uid://qtfjtwjjjqiy" path="res://coin.tscn" id="7_s1cjr"]
[ext_resource type="Environment" uid="uid://ogjcd1gkudjm" path="res://Resources/level_1_environment.tres" id="8_bvv6l"]

[sub_resource type="StandardMaterial3D" id="StandardMaterial3D_r4clx"]
albedo_color = Color(0.160784, 0.196078, 0.568627, 1)
roughness = 0.0

[sub_resource type="BoxMesh" id="BoxMesh_xmicm"]
material = SubResource("StandardMaterial3D_r4clx")
size = Vector3(10, 0.5, 10)

[sub_resource type="BoxShape3D" id="BoxShape3D_ixhg0"]
size = Vector3(10, 0.5, 10)

[node name="Level1" type="Node3D"]
transform = Transform3D(1, 0, 0, 0, 1, 0, 0, 0, 1, 0, -0.020934, -0.0416965)

[node name="Floor" type="StaticBody3D" parent="."]
metadata/_edit_group_ = true

[node name="MeshInstance3D" type="MeshInstance3D" parent="Floor"]
mesh = SubResource("BoxMesh_xmicm")

[node name="CollisionShape3D" type="CollisionShape3D" parent="Floor"]
shape = SubResource("BoxShape3D_ixhg0")

[node name="DirectionalLight3D" type="DirectionalLight3D" parent="."]
transform = Transform3D(1, 0, 0, 0, 0.76365, 0.645631, 0, -0.645631, 0.76365, 0, 7.12083, 6.11144)
shadow_enabled = true

[node name="Blocks" type="Node3D" parent="."]

[node name="Block1" parent="Blocks" instance=ExtResource("1_vmuba")]
transform = Transform3D(1, 0, 0, 0, 0.782195, 0.623034, 0, -0.623034, 0.782195, 0, 6.04824, 0.20678)

[node name="Block2" parent="Blocks" instance=ExtResource("1_vmuba")]
transform = Transform3D(1, 0, 0, 0, 0.866025, -0.5, 0, 0.5, 0.866025, 0, 4, 0)

[node name="Block3" parent="Blocks" instance=ExtResource("1_vmuba")]
transform = Transform3D(1, 0, 0, 0, 0.866025, -0.5, 0, 0.5, 0.866025, -0.416534, 7.33619, -1.03186)

[node name="Block4" parent="Blocks" instance=ExtResource("1_vmuba")]
transform = Transform3D(1, 0, 0, 0, 0.866025, -0.5, 0, 0.5, 0.866025, 0, 5.3495, -1.61275)

[node name="Boni" parent="." instance=ExtResource("6_b4mny")]
transform = Transform3D(1, 0, 0, 0, 1, 0, 0, 0, 1, 2.32717, 0.768475, -0.480963)
script = ExtResource("7_jstva")

[node name="Control" type="Control" parent="Boni"]
layout_mode = 3
anchors_preset = 0
offset_left = 10.0
offset_top = -1.0
offset_right = 1140.0
offset_bottom = 632.0

[node name="Test" type="Node2D" parent="Boni/Control"]

[node name="Virtual joystick left" parent="Boni/Control/Test" instance=ExtResource("6_afymp")]
anchors_preset = -1
anchor_bottom = 1.009
offset_left = 4.0
offset_top = 355.0
offset_right = 304.0
offset_bottom = 649.168

[node name="o" type="Control" parent="Boni/Control/Test"]
layout_mode = 3
anchors_preset = 0
offset_left = 868.0
offset_top = 407.0
offset_right = 1049.0
offset_bottom = 575.0
script = ExtResource("5_mpyao")

[node name="Coin1" parent="." instance=ExtResource("7_s1cjr")]
transform = Transform3D(1, 0, 0, 0, 1, 0, 0, 0, 1, 2, 1, 3)

[node name="WorldEnvironment" type="WorldEnvironment" parent="."]
environment = ExtResource("8_bvv6l")
